
akt: Math.abs(x*x-1);
Filter16 : [-0.14813802, 0.075161316, -0.06946134, -0.38275325, -0.15235305, -0.1805578, ]
Filter64 : [0.0056081545, -0.38131356, -0.3657626, -0.34835002, 0.2985774, 0.38770685, ]
Filter256: [-0.1461729, 0.31471065, 0.3175825, 0.6659986, 0.08012462, -0.5713932, ]


akt: 4 * Math.abs(x*x*x*x*x - x*x*x*x + x*x*x- x*x);
//		return Math.abs(x*x -1);
Filter16 :     [-0.12502679, -0.041955378, 0.10660202, 0.3658565, 0.574643, -0.019185163, ]
Filter64 :     [-0.020921621, 0.38974252, 0.08021445, 0.35899952, -0.30708167, -0.06778304, ]
Filter256:     [0.31258392, 0.22501153, 0.11254549, 0.24186954, -0.40773484, -0.21241178, ]






