
akt: Math.abs(x*x-1);
Filter0: [-0.14813802, 0.075161316, -0.06946134, -0.38275325, -0.15235305, -0.1805578, ]
Filter1: [0.0056081545, -0.38131356, -0.3657626, -0.34835002, 0.2985774, 0.38770685, ]
Filter2: [-0.1461729, 0.31471065, 0.3175825, 0.6659986, 0.08012462, -0.5713932, ]






